+1099
+2099
+3198
+4127
+4227
+2098
+2197
+2095
+2196
+2098
+2194
+2099
+3198
+4229
+2094
+3096
+2194
+2096
+3097
+2196
+2096
+3197
+2197
+2099
+3195
+2199
+4011
+2093
+2194
+1194
+4300
+0000
+0000
+0000
+0000
+0000
+0000
+0000
+0000
+0000
+0000
+0000
+0000
+0000
+0000
+0000
+0000
+0000
+0000
+0000
+0000
+0000
+0000
+0000
+0000
+0000
+0000
+0000
+0000
+0000
+0000
+0000
+0000
+0000
+0000
+0000
+0000
+0000
+0000
+0000
+0000
+0000
+0000
+0000
+0000
+0000
+0000
+0000
+0000
+0000
+0000
+0000
+0000
+0000
+0000
+0000
+0000
+0000
+0000
+0000
+0000
+0000
+0000
-0001
+0000
+0001
+0000
+0000
+0000
+0000
